 1024  512   64    0.96423
 1029   64  512    1.33610
 1050  128  512    1.36333
 1080  512   32    1.21726
 1120  256  128    1.27186
 1125  128  128    1.24070
 1134  256  512    1.29217
 1152   64  512    1.26670
 1176  512   32    1.34511
 1200   64  256    1.34805
 1215   64  512    1.46345
 1225   64 1024    1.40020
 1250   64  256    1.35170
 1260   64 1024    1.62243
 1280  256  256    1.40339
 1296  128  256    1.20349
 1323  256   32    1.51550
 1344  512  256    1.59925
 1350   64  256    1.51490
 1372   64  512    1.45224
 1400   64 1024    1.53526
 1440  512   64    1.58680
 1458  512  128    1.59818
 1470  256  128    1.89940
 1500  128  512    1.62478
 1512   64  256    1.63309
 1536   64   32    1.69002
 1568  256   32    1.46651
 1575  256  128    1.82641
 1600   64  512    1.57760
 1620  256   64    1.76310
 1680  256   32    2.14098
 1701  128   32    2.00242
 1715   64  512    2.14436
 1728   64  128    1.69798
 1750   64  512    1.89448
 1764   64   32    1.93662
 1792   64 1024    1.93069
 1800   64  256    1.94720
 1875  256   64    2.14579
 1890   64 1024    2.38265
 1920   64   32    2.32508
 1944   64  128    1.86287
 1960   64 1024    2.14358
 2000  512   32    1.78119
 2016   64  256    2.19977
 2025  256   64    2.20549
 2048   64  128    1.88611
 2058   64  512    2.47625
 2100   64  512    2.64365
 2160  512  256    2.35135
 2187   64  128    2.45494
 2205  256  128    2.58047
 2240  128   32    2.60525
 2250  512  512    2.40511
 2268   64   32    2.44130
 2304  512  256    2.48715
 2352   64   64    2.59459
 2400  256   32    2.56893
 2401  256  128    2.68352
 2430   64  128    2.80373
 2450   64   64    2.65026
 2500  512   64    2.70584
 2520  256   64    3.16156
 2560  512  256    2.72953
 2592   64   64    2.38350
 2625  128  128    3.10664
 2646   64 1024    2.83579
 2688   64   64    3.27754
 2700  128   64    2.90989
 2744   64   32    2.80066
 2800   64  512    3.00490
 2835   64 1024    3.27569
 2880   64  512    3.30816
 2916  128  128    3.12483
 2940   64   64    3.69348
 3000  256   64    3.16028
 3024  256   64    3.24993
 3072  128   64    3.29174
 3087   64  512    3.78636
 3125  256  512    3.30038
 3136   64  256    3.01212
 3150  256   32    3.94067
 3200   64  512    3.43913
 3240   64   32    3.48183
 3360  256   32    4.23982
 3375   64  512    3.61501
 3402   64  128    3.93187
 3430   64  256    4.20895
 3456   64   64    3.78456
 3500   64   32    3.71350
 3528   64  128    3.81998
 3584   64   32    3.81746
 3600   64   64    3.86839
 3645   64  256    4.29058
 3675   64  512    4.25371
 3750   64  512    4.73552
 3780   64  256    4.73569
 3840  512  128    4.65859
 3888   64  128    3.69746
 3920   64   32    4.23748
 3969  256  256    4.35971
 4000   64   32    3.61324
 4032  256  256    4.63277
 4050   64   32    4.36713
 4096   64  256    3.67802
 4116   64   32    4.97668
 4200   64  512    5.23860
 4320  256  128    4.61977
 4374  256  512    4.72234
 4375   64  128    4.95167
 4410   64  256    5.51138
 4480   64  128    5.42303
 4500   64  256    4.73303
 4536   64   32    4.79328
 4608   64 1024    4.91990
 4704   64   32    5.04617
 4725   64  512    5.33394
 4800   64  512    5.52579
 4802   64  128    5.23187
 4860   64 1024    5.47910
 4900   64  128    5.26179
 5000   64   32    5.34139
 5040  256  256    6.28371
 5103   64  512    6.17961
 5120   64  256    5.47042
 5145   64  256    6.69758
 5184   64   32    4.89699
 5250   64   64    6.65564
 5292   64   64    5.68271
 5376   64  128    6.44369
 5400   64   64    5.74326
 5488   64 1024    5.74387
 5600   64  256    6.04913
 5625   64  256    6.49233
 5670   64  128    7.06102
 5760   64  256    6.90321
 5832  256   32    6.17134
 5880   64  256    7.37643
 6000   64 1024    6.31228
 6048   64 1024    6.57036
 6075  256   32    6.83617
 6125   64 1024    6.57156
 6144   64  256    6.67704
 6174   64 1024    7.43603
 6250   64   64    6.68525
 6272   64 1024    6.70320
 6300   64 1024    7.80503
 6400   64  128    6.80903
 6480  256 1024    6.88739
 6561   64 1024    6.94288
 6615   64 1024    7.53894
 6720  256   64    8.87868
 6750   64  128    7.07992
 6804   64   64    7.59254
 6860   64 1024    8.65154
 6912   64 1024    7.33455
 7000   64   64    7.28964
 7056  256  512    7.59192
 7168   64  512    7.57219
 7200   64   64    7.83859
 7203   64 1024    8.22349
 7290   64  256    9.03790
 7350   64  256    9.45409
 7500   64 1024    9.87049
 7560   64   32    9.35276
 7680   64  256   10.03338
 7776   64  128    7.17528
 7840   64 1024    8.33890
 7875   64   64    9.14323
 7938   64  256    8.45094
 8000   64 1024    7.47173
 8064   64 1024    9.67388
 8100   64 1024    8.48932
 8192   64  512    7.59183
